10.000000 10.000000 10.000000 10.000000 10.000000 10.000000 10.000000 10.000000 10.000000 10.000000 
10.000000 5.000000 3.750000 3.437500 3.359375 3.339844 3.334961 3.333740 5.833435 10.000000 
10.000000 3.750000 1.875000 1.328125 1.171875 1.127930 1.115723 1.112366 4.236450 10.000000 
10.000000 3.437500 1.328125 0.664062 0.458984 0.396729 0.378113 0.372620 3.652267 10.000000 
10.000000 3.359375 1.171875 0.458984 0.229492 0.156555 0.133667 0.126572 3.444710 10.000000 
10.000000 3.339844 1.127930 0.396729 0.156555 0.078278 0.052986 0.044889 3.372400 10.000000 
10.000000 3.334961 1.115723 0.378113 0.133667 0.052986 0.026493 0.017846 3.347561 10.000000 
10.000000 3.333740 1.112366 0.372620 0.126572 0.044889 0.017846 0.008923 3.339121 10.000000 
10.000000 5.833435 4.236450 3.652267 3.444710 3.372400 3.347561 3.339121 6.669560 10.000000 
10.000000 10.000000 10.000000 10.000000 10.000000 10.000000 10.000000 10.000000 10.000000 10.000000 
