10.000000 10.000000 10.000000 10.000000 10.000000 10.000000 10.000000 10.000000 10.000000 10.000000 
10.000000 9.535617 9.162604 8.913036 8.807609 8.851707 9.031662 9.314744 9.654520 10.000000 
10.000000 9.162604 8.491983 8.046231 7.861693 7.945862 8.271774 8.779329 9.385435 10.000000 
10.000000 8.913036 8.046231 7.474556 7.243253 7.358856 7.783391 8.437605 9.214613 10.000000 
10.000000 8.807609 7.861692 7.243252 6.999176 7.132933 7.599770 8.311663 9.152632 10.000000 
10.000000 8.851707 7.945862 7.358855 7.132933 7.267941 7.718111 8.397940 9.197069 10.000000 
10.000000 9.031662 8.271774 7.783392 7.599770 7.718111 8.097923 8.666712 9.332533 10.000000 
10.000000 9.314745 8.779329 8.437604 8.311663 8.397940 8.666712 9.066530 9.533060 10.000000 
10.000000 9.654520 9.385435 9.214612 9.152632 9.197069 9.332533 9.533060 9.766530 10.000000 
10.000000 10.000000 10.000000 10.000000 10.000000 10.000000 10.000000 10.000000 10.000000 10.000000 
