10.000000 10.000000 10.000000 10.000000 10.000000 10.000000 10.000000 10.000000 10.000000 10.000000 
10.000000 9.218868 8.600501 8.175420 7.963261 7.985992 8.253521 8.736411 9.355005 10.000000 
10.000000 8.600501 7.482676 6.709438 6.324014 6.368386 6.857439 7.731717 8.844220 10.000000 
10.000000 8.175420 6.709438 5.690892 5.184580 5.250491 5.902889 7.053066 8.502862 10.000000 
10.000000 7.963261 6.324014 5.184580 4.626565 4.718939 5.466138 6.754550 8.357728 10.000000 
10.000000 7.985992 6.368386 5.250491 4.718939 4.837082 5.593619 6.862718 8.419145 10.000000 
10.000000 8.253521 6.857439 5.902889 5.466138 5.593619 6.261411 7.351443 8.670306 10.000000 
10.000000 8.736411 7.731718 7.053067 6.754550 6.862719 7.351442 8.131041 9.064166 10.000000 
10.000000 9.355006 8.844220 8.502862 8.357729 8.419145 8.670305 9.064166 9.532084 10.000000 
10.000000 10.000000 10.000000 10.000000 10.000000 10.000000 10.000000 10.000000 10.000000 10.000000 
