10.000000 10.000000 10.000000 10.000000 10.000000 10.000000 10.000000 10.000000 10.000000 10.000000 
10.000000 8.832664 7.991788 7.458460 7.177383 7.148026 7.440322 8.094726 9.016572 10.000000 
10.000000 7.991788 6.507463 5.541379 5.023484 4.968065 5.491031 6.646120 8.264820 10.000000 
10.000000 7.458461 5.541379 4.267797 3.572557 3.488249 4.161732 5.653854 7.749892 10.000000 
10.000000 7.177384 5.023485 3.572557 2.768966 2.663141 3.425203 5.124312 7.487775 10.000000 
10.000000 7.148026 4.968065 3.488249 2.663141 2.564051 3.384413 5.143819 7.520689 10.000000 
10.000000 7.440322 5.491031 4.161732 3.425203 3.384413 4.187033 5.786473 7.869546 10.000000 
10.000000 8.094726 6.646120 5.653854 5.124312 5.143819 5.786473 6.978747 8.483451 10.000000 
10.000000 9.016572 8.264820 7.749892 7.487775 7.520689 7.869546 8.483451 9.241726 10.000000 
10.000000 10.000000 10.000000 10.000000 10.000000 10.000000 10.000000 10.000000 10.000000 10.000000 
