10.000000 10.000000 10.000000 10.000000 10.000000 10.000000 10.000000 10.000000 10.000000 10.000000 
10.000000 8.608704 7.665329 7.107058 6.818915 6.761730 7.033762 7.749232 8.829842 10.000000 
10.000000 7.665329 6.027431 5.023139 4.489345 4.380960 4.864029 6.108738 7.971562 10.000000 
10.000000 7.107058 5.023139 3.710247 2.994215 2.836721 3.446997 5.027160 7.396587 10.000000 
10.000000 6.818916 4.489345 2.994215 2.162225 1.965375 2.640488 4.410979 7.080893 10.000000 
10.000000 6.761730 4.380960 2.836721 1.965375 1.754860 2.464961 4.337297 7.076899 10.000000 
10.000000 7.033762 4.864029 3.446997 2.640488 2.464961 3.211102 4.989653 7.451163 10.000000 
10.000000 7.749233 6.108738 5.027160 4.410979 4.337297 4.989653 6.363877 8.171022 10.000000 
10.000000 8.829841 7.971562 7.396587 7.080893 7.076899 7.451163 8.171022 9.085511 10.000000 
10.000000 10.000000 10.000000 10.000000 10.000000 10.000000 10.000000 10.000000 10.000000 10.000000 
