10.000000 10.000000 10.000000 10.000000 10.000000 10.000000 10.000000 10.000000 10.000000 10.000000 
10.000000 8.283691 7.217407 6.647339 6.373367 6.290736 6.510038 7.271451 8.563247 10.000000 
10.000000 7.217407 5.405273 4.389534 3.877869 3.717967 4.101867 5.399921 7.570131 10.000000 
10.000000 6.647339 4.389534 3.080196 2.397356 2.170901 2.641472 4.251561 6.947670 10.000000 
10.000000 6.373367 3.877869 2.397356 1.606369 1.330235 1.835679 3.605234 6.587628 10.000000 
10.000000 6.290736 3.717967 2.170901 1.330235 1.026876 1.544345 3.388639 6.516006 10.000000 
10.000000 6.510038 4.101867 2.641472 1.835679 1.544345 2.075858 3.957242 6.889406 10.000000 
10.000000 7.271451 5.399921 4.251561 3.605234 3.388639 3.957242 5.520808 7.738101 10.000000 
10.000000 8.563247 7.570132 6.947670 6.587628 6.516006 6.889405 7.738100 8.869050 10.000000 
10.000000 10.000000 10.000000 10.000000 10.000000 10.000000 10.000000 10.000000 10.000000 10.000000 
