10	10	10	10	10	10	10	10	10	10
10	7.773438	6.567383	6.010742	5.778809	5.688782	5.811863	6.568351	8.1492	10
10	6.567383	4.575195	3.59314	3.157349	2.977715	3.181067	4.426563	6.981537	10
10	6.010742	3.59314	2.348175	1.770859	1.522198	1.752898	3.244832	6.317358	10
10	5.778809	3.157349	1.770859	1.109161	0.815382	1.048287	2.647491	5.968988	10
10	5.688782	2.977715	1.522198	0.815382	0.495385	0.723517	2.364707	5.797608	10
10	5.811863	3.181067	1.752898	1.048287	0.723517	0.950118	2.60737	6.087758	10
10	6.568351	4.426563	3.244832	2.647491	2.364707	2.60737	4.276712	7.084374	10
10	8.1492	6.981537	6.317359	5.968988	5.797608	6.087758	7.084374	8.542187	10
10	10	10	10	10	10	10	10	10	10
